 254 254 254 254 254 254 254 254 254 254 254 254 254 254 254 254
 254 254 254 254 254 254 254 254 254 254 254 254 254 254 254 254
 254 254 254 254 254 254 254 254 254 254 254 254 254 254 254 254
 254 217 144 206 254 254 254 254 176 150 230 254 254 254 254 254
 254  87   0  63 254 254 254 254   0   0 127 254 254 254 254 254
 254  87   0  63 254 254 254 254   0   0 127 254 254 254 254 254
 254  87   0  63 254 254 254 254   0   0 127 254 254 254 254 254
 254  87   0  63 254 254 254 254   0   0 127 254 254 254 254 254
 254  87   0  15  63  63  63  63   0   0 127 254 254 254 254 254
 254  87   0   0   0   0   0   0   0   0 127 254 254 254 254 254
 254  87   0  47 190 190 190 190   0   0 127 254 254 254 254 254
 254  87   0  63 254 254 254 254   0   0 127 254 254 254 254 254
 254  87   0  63 254 254 254 254   0   0 127 254 254 254 254 254
 254  87   0  63 254 254 254 254   0   0 127 254 254 254 254 254
 254  87   0  63 254 254 254 254   0   0 127 254 254 254 254 254
 254 222 186 219 254 254 254 254 201 186 237 254 254 254 254 254
 254 254 254 254 254 254 254 254 254 254 254 254 254 254 254 254
 254 254 254 254 254 254 254 254 254 254 254 254 254 254 254 254
 254 254 254 254 254 254 254 254 254 254 254 254 254 254 254 254
 254 217 144 206 254 254 254 254 176 150 230 254 254 254 254 254
 254  87   0  63 254 254 254 254   0   0 127 254 254 254 254 254
 254  87   0  63 254 254 254 254   0   0 127 254 254 254 254 254
 254  87   0  63 254 254 254 254   0   0 127 254 254 254 254 254
 254  87   0  63 254 254 254 254   0   0 127 254 254 254 254 254
 254  87   0  15  63  63  63  63   0   0 127 254 254 254 254 254
 254  87   0   0   0   0   0   0   0   0 127 254 254 254 254 254
 254  87   0  47 190 190 190 190   0   0 127 254 254 254 254 254
 254  87   0  63 254 254 254 254   0   0 127 254 254 254 254 254
 254  87   0  63 254 254 254 254   0   0 127 254 254 254 254 254
 254  87   0  63 254 254 254 254   0   0 127 254 254 254 254 254
 254  87   0  63 254 254 254 254   0   0 127 254 254 254 254 254
 254 222 186 219 254 254 254 254 201 186 237 254 254 254 254 254
 254 254 254 254 254 254 254 254 254 254 254 254 254 254 254 254
 254 254 254 254 254 254 254 254 254 254 254 254 254 254 254 254
 254 254 254 254 254 254 254 254 254 254 254 254 254 254 254 254
 254 217 144 206 254 254 254 254 176 150 230 254 254 254 254 254
 254  87   0  63 254 254 254 254   0   0 127 254 254 254 254 254
 254  87   0  63 254 254 254 254   0   0 127 254 254 254 254 254
 254  87   0  63 254 254 254 254   0   0 127 254 254 254 254 254
 254  87   0  63 254 254 254 254   0   0 127 254 254 254 254 254
 254  87   0  15  63  63  63  63   0   0 127 254 254 254 254 254
 254  87   0   0   0   0   0   0   0   0 127 254 254 254 254 254
 254  87   0  47 190 190 190 190   0   0 127 254 254 254 254 254
 254  87   0  63 254 254 254 254   0   0 127 254 254 254 254 254
 254  87   0  63 254 254 254 254   0   0 127 254 254 254 254 254
 254  87   0  63 254 254 254 254   0   0 127 254 254 254 254 254
 254  87   0  63 254 254 254 254   0   0 127 254 254 254 254 254
 254 222 186 219 254 254 254 254 201 186 237 254 254 254 254 254

 254 254 254 254 254 254 254 254 254 254 254 254 254 254 254 254
 254 254 254 254 254 254 254 254 254 254 254 254 254 254 254 254
 254 254 254 254 254 254 254 254 254 254 254 254 254 254 254 254
 254 254 254 254 254 254 254 254 254 254 254 254 254 254 254 254
 254 254 254 254 254 254 254 254 254 254 254 254 254 254 254 254
 254 254 254 230 127 127 127 127 127 127 127 127 127 127 127 237
 254 254 254 150   0   0   0   0   0   0   0   0   0   0   0 186
 254 254 254 176   0   0   0   0   0   0   0   0   0   0   0 201
 254 254 254 254 254 254 254 254  63   0 190 254 254 254 254 254
 254 254 254 254 254 254 254 254  63   0 190 254 254 254 254 254
 254 254 254 254 254 254 254 254  63   0 190 254 254 254 254 254
 254 254 254 254 254 254 254 254  63   0 190 254 254 254 254 254
 254 254 254 206  63  63  63  63  15   0  47  63  63  63  63 219
 254 254 254 144   0   0   0   0   0   0   0   0   0   0   0 186
 254 254 254 217  87  87  87  87  87  87  87  87  87  87  87 222
 254 254 254 254 254 254 254 254 254 254 254 254 254 254 254 254
 254 254 254 254 254 254 254 254 254 254 254 254 254 254 254 254
 254 254 254 254 254 254 254 254 254 254 254 254 254 254 254 254
 254 254 254 254 254 254 254 254 254 254 254 254 254 254 254 254
 254 254 254 254 254 254 254 254 254 254 254 254 254 254 254 254
 254 254 254 254 254 254 254 254 254 254 254 254 254 254 254 254
 254 254 254 230 127 127 127 127 127 127 127 127 127 127 127 237
 254 254 254 150   0   0   0   0   0   0   0   0   0   0   0 186
 254 254 254 176   0   0   0   0   0   0   0   0   0   0   0 201
 254 254 254 254 254 254 254 254  63   0 190 254 254 254 254 254
 254 254 254 254 254 254 254 254  63   0 190 254 254 254 254 254
 254 254 254 254 254 254 254 254  63   0 190 254 254 254 254 254
 254 254 254 254 254 254 254 254  63   0 190 254 254 254 254 254
 254 254 254 206  63  63  63  63  15   0  47  63  63  63  63 219
 254 254 254 144   0   0   0   0   0   0   0   0   0   0   0 186
 254 254 254 217  87  87  87  87  87  87  87  87  87  87  87 222
 254 254 254 254 254 254 254 254 254 254 254 254 254 254 254 254
 254 254 254 254 254 254 254 254 254 254 254 254 254 254 254 254
 254 254 254 254 254 254 254 254 254 254 254 254 254 254 254 254
 254 254 254 254 254 254 254 254 254 254 254 254 254 254 254 254
 254 254 254 254 254 254 254 254 254 254 254 254 254 254 254 254
 254 254 254 254 254 254 254 254 254 254 254 254 254 254 254 254
 254 254 254 230 127 127 127 127 127 127 127 127 127 127 127 237
 254 254 254 150   0   0   0   0   0   0   0   0   0   0   0 186
 254 254 254 176   0   0   0   0   0   0   0   0   0   0   0 201
 254 254 254 254 254 254 254 254  63   0 190 254 254 254 254 254
 254 254 254 254 254 254 254 254  63   0 190 254 254 254 254 254
 254 254 254 254 254 254 254 254  63   0 190 254 254 254 254 254
 254 254 254 254 254 254 254 254  63   0 190 254 254 254 254 254
 254 254 254 206  63  63  63  63  15   0  47  63  63  63  63 219
 254 254 254 144   0   0   0   0   0   0   0   0   0   0   0 186
 254 254 254 217  87  87  87  87  87  87  87  87  87  87  87 222
 254 254 254 254 254 254 254 254 254 254 254 254 254 254 254 254

 254 254 254 254 254 237 186 201 254 254 254 254 219 186 222 254
 254 254 254 254 254 127   0   0 254 254 254 254  63   0  87 254
 254 254 254 254 254 127   0   0 254 254 254 254  63   0  87 254
 254 254 254 254 254 127   0   0 254 254 254 254  63   0  87 254
 254 254 254 254 254 127   0   0 254 254 254 254  63   0  87 254
 254 254 254 254 254 127   0   0 190 190 190 190  47   0  87 254
 254 254 254 254 254 127   0   0   0   0   0   0   0   0  87 254
 254 254 254 254 254 127   0   0  63  63  63  63  15   0  87 254
 254 254 254 254 254 127   0   0 254 254 254 254  63   0  87 254
 254 254 254 254 254 127   0   0 254 254 254 254  63   0  87 254
 254 254 254 254 254 127   0   0 254 254 254 254  63   0  87 254
 254 254 254 254 254 127   0   0 254 254 254 254  63   0  87 254
 254 254 254 254 254 230 150 176 254 254 254 254 206 144 217 254
 254 254 254 254 254 254 254 254 254 254 254 254 254 254 254 254
 254 254 254 254 254 254 254 254 254 254 254 254 254 254 254 254
 254 254 254 254 254 254 254 254 254 254 254 254 254 254 254 254
 254 254 254 254 254 237 186 201 254 254 254 254 219 186 222 254
 254 254 254 254 254 127   0   0 254 254 254 254  63   0  87 254
 254 254 254 254 254 127   0   0 254 254 254 254  63   0  87 254
 254 254 254 254 254 127   0   0 254 254 254 254  63   0  87 254
 254 254 254 254 254 127   0   0 254 254 254 254  63   0  87 254
 254 254 254 254 254 127   0   0 190 190 190 190  47   0  87 254
 254 254 254 254 254 127   0   0   0   0   0   0   0   0  87 254
 254 254 254 254 254 127   0   0  63  63  63  63  15   0  87 254
 254 254 254 254 254 127   0   0 254 254 254 254  63   0  87 254
 254 254 254 254 254 127   0   0 254 254 254 254  63   0  87 254
 254 254 254 254 254 127   0   0 254 254 254 254  63   0  87 254
 254 254 254 254 254 127   0   0 254 254 254 254  63   0  87 254
 254 254 254 254 254 230 150 176 254 254 254 254 206 144 217 254
 254 254 254 254 254 254 254 254 254 254 254 254 254 254 254 254
 254 254 254 254 254 254 254 254 254 254 254 254 254 254 254 254
 254 254 254 254 254 254 254 254 254 254 254 254 254 254 254 254
 254 254 254 254 254 237 186 201 254 254 254 254 219 186 222 254
 254 254 254 254 254 127   0   0 254 254 254 254  63   0  87 254
 254 254 254 254 254 127   0   0 254 254 254 254  63   0  87 254
 254 254 254 254 254 127   0   0 254 254 254 254  63   0  87 254
 254 254 254 254 254 127   0   0 254 254 254 254  63   0  87 254
 254 254 254 254 254 127   0   0 190 190 190 190  47   0  87 254
 254 254 254 254 254 127   0   0   0   0   0   0   0   0  87 254
 254 254 254 254 254 127   0   0  63  63  63  63  15   0  87 254
 254 254 254 254 254 127   0   0 254 254 254 254  63   0  87 254
 254 254 254 254 254 127   0   0 254 254 254 254  63   0  87 254
 254 254 254 254 254 127   0   0 254 254 254 254  63   0  87 254
 254 254 254 254 254 127   0   0 254 254 254 254  63   0  87 254
 254 254 254 254 254 230 150 176 254 254 254 254 206 144 217 254
 254 254 254 254 254 254 254 254 254 254 254 254 254 254 254 254
 254 254 254 254 254 254 254 254 254 254 254 254 254 254 254 254
 254 254 254 254 254 254 254 254 254 254 254 254 254 254 254 254

 254 254 254 254 254 254 254 254 254 254 254 254 254 254 254 254
 222  87  87  87  87  87  87  87  87  87  87  87 217 254 254 254
 186   0   0   0   0   0   0   0   0   0   0   0 144 254 254 254
 219  63  63  63  63  47   0  15  63  63  63  63 206 254 254 254
 254 254 254 254 254 190   0  63 254 254 254 254 254 254 254 254
 254 254 254 254 254 190   0  63 254 254 254 254 254 254 254 254
 254 254 254 254 254 190   0  63 254 254 254 254 254 254 254 254
 254 254 254 254 254 190   0  63 254 254 254 254 254 254 254 254
 201   0   0   0   0   0   0   0   0   0   0   0 176 254 254 254
 186   0   0   0   0   0   0   0   0   0   0   0 150 254 254 254
 237 127 127 127 127 127 127 127 127 127 127 127 230 254 254 254
 254 254 254 254 254 254 254 254 254 254 254 254 254 254 254 254
 254 254 254 254 254 254 254 254 254 254 254 254 254 254 254 254
 254 254 254 254 254 254 254 254 254 254 254 254 254 254 254 254
 254 254 254 254 254 254 254 254 254 254 254 254 254 254 254 254
 254 254 254 254 254 254 254 254 254 254 254 254 254 254 254 254
 254 254 254 254 254 254 254 254 254 254 254 254 254 254 254 254
 222  87  87  87  87  87  87  87  87  87  87  87 217 254 254 254
 186   0   0   0   0   0   0   0   0   0   0   0 144 254 254 254
 219  63  63  63  63  47   0  15  63  63  63  63 206 254 254 254
 254 254 254 254 254 190   0  63 254 254 254 254 254 254 254 254
 254 254 254 254 254 190   0  63 254 254 254 254 254 254 254 254
 254 254 254 254 254 190   0  63 254 254 254 254 254 254 254 254
 254 254 254 254 254 190   0  63 254 254 254 254 254 254 254 254
 201   0   0   0   0   0   0   0   0   0   0   0 176 254 254 254
 186   0   0   0   0   0   0   0   0   0   0   0 150 254 254 254
 237 127 127 127 127 127 127 127 127 127 127 127 230 254 254 254
 254 254 254 254 254 254 254 254 254 254 254 254 254 254 254 254
 254 254 254 254 254 254 254 254 254 254 254 254 254 254 254 254
 254 254 254 254 254 254 254 254 254 254 254 254 254 254 254 254
 254 254 254 254 254 254 254 254 254 254 254 254 254 254 254 254
 254 254 254 254 254 254 254 254 254 254 254 254 254 254 254 254
 254 254 254 254 254 254 254 254 254 254 254 254 254 254 254 254
 222  87  87  87  87  87  87  87  87  87  87  87 217 254 254 254
 186   0   0   0   0   0   0   0   0   0   0   0 144 254 254 254
 219  63  63  63  63  47   0  15  63  63  63  63 206 254 254 254
 254 254 254 254 254 190   0  63 254 254 254 254 254 254 254 254
 254 254 254 254 254 190   0  63 254 254 254 254 254 254 254 254
 254 254 254 254 254 190   0  63 254 254 254 254 254 254 254 254
 254 254 254 254 254 190   0  63 254 254 254 254 254 254 254 254
 201   0   0   0   0   0   0   0   0   0   0   0 176 254 254 254
 186   0   0   0   0   0   0   0   0   0   0   0 150 254 254 254
 237 127 127 127 127 127 127 127 127 127 127 127 230 254 254 254
 254 254 254 254 254 254 254 254 254 254 254 254 254 254 254 254
 254 254 254 254 254 254 254 254 254 254 254 254 254 254 254 254
 254 254 254 254 254 254 254 254 254 254 254 254 254 254 254 254
 254 254 254 254 254 254 254 254 254 254 254 254 254 254 254 254
 254 254 254 254 254 254 254 254 254 254 254 254 254 254 254 254

