 194 230 230 230 230 230 230 230 230 230 230 230 230 230 230 230
 214 254 254 254 254 254 254 254 254 254 254 254 254 254 254 254
 214 254 254 254 254 254 254 254 254 254 254 254 254 254 254 254
 214 222 127 130 254 254 254 254 248 127 127 233 254 254 254 254
 214 190   0   0 254 254 254 254 230   0   0 190 254 254 254 254
 214 190   0   0 254 254 254 254 230   0   0 190 254 254 254 254
 214 190   0   0 254 254 254 254 230   0   0 190 254 254 254 254
 214 190   0   0 254 254 254 254 230   0   0 190 254 254 254 254
 214 190   0   0 254 254 254 254 230   0   0 190 254 254 254 254
 214 190   0   0 254 254 254 254 230   0   0 190 254 254 254 254
 214 190   0   0 254 254 254 254 230   0   0 190 254 254 254 254
 214 190   0   0 224 254 254 254 198   0   0 195 254 254 254 254
 214 224   0   0  98 254 254 254  78   0  20 252 254 254 254 254
 214 254 118   0   0  43  63  37   0   0 142 254 254 254 254 254
 214 254 238 113   0   0   0   0  16 142 254 254 254 254 254 254
 214 254 254 254 234 190 190 190 248 254 254 254 254 254 254 254
 194 230 230 230 230 230 230 230 230 230 230 230 230 230 230 230
 214 254 254 254 254 254 254 254 254 254 254 254 254 254 254 254
 214 254 254 254 254 254 254 254 254 254 254 254 254 254 254 254
 214 222 127 130 254 254 254 254 248 127 127 233 254 254 254 254
 214 190   0   0 254 254 254 254 230   0   0 190 254 254 254 254
 214 190   0   0 254 254 254 254 230   0   0 190 254 254 254 254
 214 190   0   0 254 254 254 254 230   0   0 190 254 254 254 254
 214 190   0   0 254 254 254 254 230   0   0 190 254 254 254 254
 214 190   0   0 254 254 254 254 230   0   0 190 254 254 254 254
 214 190   0   0 254 254 254 254 230   0   0 190 254 254 254 254
 214 190   0   0 254 254 254 254 230   0   0 190 254 254 254 254
 214 190   0   0 224 254 254 254 198   0   0 195 254 254 254 254
 214 224   0   0  98 254 254 254  78   0  20 252 254 254 254 254
 214 254 118   0   0  43  63  37   0   0 142 254 254 254 254 254
 214 254 238 113   0   0   0   0  16 142 254 254 254 254 254 254
 214 254 254 254 234 190 190 190 248 254 254 254 254 254 254 254
 194 230 230 230 230 230 230 230 230 230 230 230 230 230 230 230
 214 254 254 254 254 254 254 254 254 254 254 254 254 254 254 254
 214 254 254 254 254 254 254 254 254 254 254 254 254 254 254 254
 214 222 127 130 254 254 254 254 248 127 127 233 254 254 254 254
 214 190   0   0 254 254 254 254 230   0   0 190 254 254 254 254
 214 190   0   0 254 254 254 254 230   0   0 190 254 254 254 254
 214 190   0   0 254 254 254 254 230   0   0 190 254 254 254 254
 214 190   0   0 254 254 254 254 230   0   0 190 254 254 254 254
 214 190   0   0 254 254 254 254 230   0   0 190 254 254 254 254
 214 190   0   0 254 254 254 254 230   0   0 190 254 254 254 254
 214 190   0   0 254 254 254 254 230   0   0 190 254 254 254 254
 214 190   0   0 224 254 254 254 198   0   0 195 254 254 254 254
 214 224   0   0  98 254 254 254  78   0  20 252 254 254 254 254
 214 254 118   0   0  43  63  37   0   0 142 254 254 254 254 254
 214 254 238 113   0   0   0   0  16 142 254 254 254 254 254 254
 214 254 254 254 234 190 190 190 248 254 254 254 254 254 254 254

 230 254 254 254 254 254 254 254 254 254 254 254 254 254 254 254
 230 254 254 254 254 254 254 254 254 254 254 254 254 254 254 254
 230 254 254 254 254 254 254 254 254 254 254 254 254 254 254 254
 230 254 254 254 254 254 254 254 254 254 254 254 254 254 254 254
 230 254 254 233 190 190 190 190 190 190 190 195 252 254 254 254
 230 254 254 127   0   0   0   0   0   0   0   0  20 142 254 254
 230 254 254 127   0   0   0   0   0   0   0   0   0   0 142 254
 230 254 254 248 230 230 230 230 230 230 230 198  78   0  16 248
 230 254 254 254 254 254 254 254 254 254 254 254 254  37   0 190
 230 254 254 254 254 254 254 254 254 254 254 254 254  63   0 190
 230 254 254 254 254 254 254 254 254 254 254 254 254  43   0 190
 230 254 254 254 254 254 254 254 254 254 254 224  98   0   0 234
 230 254 254 130   0   0   0   0   0   0   0   0   0   0 113 254
 230 254 254 127   0   0   0   0   0   0   0   0   0 118 238 254
 230 254 254 222 190 190 190 190 190 190 190 190 224 254 254 254
 194 214 214 214 214 214 214 214 214 214 214 214 214 214 214 214
 230 254 254 254 254 254 254 254 254 254 254 254 254 254 254 254
 230 254 254 254 254 254 254 254 254 254 254 254 254 254 254 254
 230 254 254 254 254 254 254 254 254 254 254 254 254 254 254 254
 230 254 254 254 254 254 254 254 254 254 254 254 254 254 254 254
 230 254 254 233 190 190 190 190 190 190 190 195 252 254 254 254
 230 254 254 127   0   0   0   0   0   0   0   0  20 142 254 254
 230 254 254 127   0   0   0   0   0   0   0   0   0   0 142 254
 230 254 254 248 230 230 230 230 230 230 230 198  78   0  16 248
 230 254 254 254 254 254 254 254 254 254 254 254 254  37   0 190
 230 254 254 254 254 254 254 254 254 254 254 254 254  63   0 190
 230 254 254 254 254 254 254 254 254 254 254 254 254  43   0 190
 230 254 254 254 254 254 254 254 254 254 254 224  98   0   0 234
 230 254 254 130   0   0   0   0   0   0   0   0   0   0 113 254
 230 254 254 127   0   0   0   0   0   0   0   0   0 118 238 254
 230 254 254 222 190 190 190 190 190 190 190 190 224 254 254 254
 194 214 214 214 214 214 214 214 214 214 214 214 214 214 214 214
 230 254 254 254 254 254 254 254 254 254 254 254 254 254 254 254
 230 254 254 254 254 254 254 254 254 254 254 254 254 254 254 254
 230 254 254 254 254 254 254 254 254 254 254 254 254 254 254 254
 230 254 254 254 254 254 254 254 254 254 254 254 254 254 254 254
 230 254 254 233 190 190 190 190 190 190 190 195 252 254 254 254
 230 254 254 127   0   0   0   0   0   0   0   0  20 142 254 254
 230 254 254 127   0   0   0   0   0   0   0   0   0   0 142 254
 230 254 254 248 230 230 230 230 230 230 230 198  78   0  16 248
 230 254 254 254 254 254 254 254 254 254 254 254 254  37   0 190
 230 254 254 254 254 254 254 254 254 254 254 254 254  63   0 190
 230 254 254 254 254 254 254 254 254 254 254 254 254  43   0 190
 230 254 254 254 254 254 254 254 254 254 254 224  98   0   0 234
 230 254 254 130   0   0   0   0   0   0   0   0   0   0 113 254
 230 254 254 127   0   0   0   0   0   0   0   0   0 118 238 254
 230 254 254 222 190 190 190 190 190 190 190 190 224 254 254 254
 194 214 214 214 214 214 214 214 214 214 214 214 214 214 214 214

 254 254 254 254 254 254 254 248 190 190 190 234 254 254 254 214
 254 254 254 254 254 254 142  16   0   0   0   0 113 238 254 214
 254 254 254 254 254 142   0   0  37  63  43   0   0 118 254 214
 254 254 254 254 252  20   0  78 254 254 254  98   0   0 224 214
 254 254 254 254 195   0   0 198 254 254 254 224   0   0 190 214
 254 254 254 254 190   0   0 230 254 254 254 254   0   0 190 214
 254 254 254 254 190   0   0 230 254 254 254 254   0   0 190 214
 254 254 254 254 190   0   0 230 254 254 254 254   0   0 190 214
 254 254 254 254 190   0   0 230 254 254 254 254   0   0 190 214
 254 254 254 254 190   0   0 230 254 254 254 254   0   0 190 214
 254 254 254 254 190   0   0 230 254 254 254 254   0   0 190 214
 254 254 254 254 190   0   0 230 254 254 254 254   0   0 190 214
 254 254 254 254 233 127 127 248 254 254 254 254 130 127 222 214
 254 254 254 254 254 254 254 254 254 254 254 254 254 254 254 214
 254 254 254 254 254 254 254 254 254 254 254 254 254 254 254 214
 230 230 230 230 230 230 230 230 230 230 230 230 230 230 230 194
 254 254 254 254 254 254 254 248 190 190 190 234 254 254 254 214
 254 254 254 254 254 254 142  16   0   0   0   0 113 238 254 214
 254 254 254 254 254 142   0   0  37  63  43   0   0 118 254 214
 254 254 254 254 252  20   0  78 254 254 254  98   0   0 224 214
 254 254 254 254 195   0   0 198 254 254 254 224   0   0 190 214
 254 254 254 254 190   0   0 230 254 254 254 254   0   0 190 214
 254 254 254 254 190   0   0 230 254 254 254 254   0   0 190 214
 254 254 254 254 190   0   0 230 254 254 254 254   0   0 190 214
 254 254 254 254 190   0   0 230 254 254 254 254   0   0 190 214
 254 254 254 254 190   0   0 230 254 254 254 254   0   0 190 214
 254 254 254 254 190   0   0 230 254 254 254 254   0   0 190 214
 254 254 254 254 190   0   0 230 254 254 254 254   0   0 190 214
 254 254 254 254 233 127 127 248 254 254 254 254 130 127 222 214
 254 254 254 254 254 254 254 254 254 254 254 254 254 254 254 214
 254 254 254 254 254 254 254 254 254 254 254 254 254 254 254 214
 230 230 230 230 230 230 230 230 230 230 230 230 230 230 230 194
 254 254 254 254 254 254 254 248 190 190 190 234 254 254 254 214
 254 254 254 254 254 254 142  16   0   0   0   0 113 238 254 214
 254 254 254 254 254 142   0   0  37  63  43   0   0 118 254 214
 254 254 254 254 252  20   0  78 254 254 254  98   0   0 224 214
 254 254 254 254 195   0   0 198 254 254 254 224   0   0 190 214
 254 254 254 254 190   0   0 230 254 254 254 254   0   0 190 214
 254 254 254 254 190   0   0 230 254 254 254 254   0   0 190 214
 254 254 254 254 190   0   0 230 254 254 254 254   0   0 190 214
 254 254 254 254 190   0   0 230 254 254 254 254   0   0 190 214
 254 254 254 254 190   0   0 230 254 254 254 254   0   0 190 214
 254 254 254 254 190   0   0 230 254 254 254 254   0   0 190 214
 254 254 254 254 190   0   0 230 254 254 254 254   0   0 190 214
 254 254 254 254 233 127 127 248 254 254 254 254 130 127 222 214
 254 254 254 254 254 254 254 254 254 254 254 254 254 254 254 214
 254 254 254 254 254 254 254 254 254 254 254 254 254 254 254 214
 230 230 230 230 230 230 230 230 230 230 230 230 230 230 230 194

 214 214 214 214 214 214 214 214 214 214 214 214 214 214 214 194
 254 254 254 224 190 190 190 190 190 190 190 190 222 254 254 230
 254 238 118   0   0   0   0   0   0   0   0   0 127 254 254 230
 254 113   0   0   0   0   0   0   0   0   0   0 130 254 254 230
 234   0   0  98 224 254 254 254 254 254 254 254 254 254 254 230
 190   0  43 254 254 254 254 254 254 254 254 254 254 254 254 230
 190   0  63 254 254 254 254 254 254 254 254 254 254 254 254 230
 190   0  37 254 254 254 254 254 254 254 254 254 254 254 254 230
 248  16   0  78 198 230 230 230 230 230 230 230 248 254 254 230
 254 142   0   0   0   0   0   0   0   0   0   0 127 254 254 230
 254 254 142  20   0   0   0   0   0   0   0   0 127 254 254 230
 254 254 254 252 195 190 190 190 190 190 190 190 233 254 254 230
 254 254 254 254 254 254 254 254 254 254 254 254 254 254 254 230
 254 254 254 254 254 254 254 254 254 254 254 254 254 254 254 230
 254 254 254 254 254 254 254 254 254 254 254 254 254 254 254 230
 254 254 254 254 254 254 254 254 254 254 254 254 254 254 254 230
 214 214 214 214 214 214 214 214 214 214 214 214 214 214 214 194
 254 254 254 224 190 190 190 190 190 190 190 190 222 254 254 230
 254 238 118   0   0   0   0   0   0   0   0   0 127 254 254 230
 254 113   0   0   0   0   0   0   0   0   0   0 130 254 254 230
 234   0   0  98 224 254 254 254 254 254 254 254 254 254 254 230
 190   0  43 254 254 254 254 254 254 254 254 254 254 254 254 230
 190   0  63 254 254 254 254 254 254 254 254 254 254 254 254 230
 190   0  37 254 254 254 254 254 254 254 254 254 254 254 254 230
 248  16   0  78 198 230 230 230 230 230 230 230 248 254 254 230
 254 142   0   0   0   0   0   0   0   0   0   0 127 254 254 230
 254 254 142  20   0   0   0   0   0   0   0   0 127 254 254 230
 254 254 254 252 195 190 190 190 190 190 190 190 233 254 254 230
 254 254 254 254 254 254 254 254 254 254 254 254 254 254 254 230
 254 254 254 254 254 254 254 254 254 254 254 254 254 254 254 230
 254 254 254 254 254 254 254 254 254 254 254 254 254 254 254 230
 254 254 254 254 254 254 254 254 254 254 254 254 254 254 254 230
 214 214 214 214 214 214 214 214 214 214 214 214 214 214 214 194
 254 254 254 224 190 190 190 190 190 190 190 190 222 254 254 230
 254 238 118   0   0   0   0   0   0   0   0   0 127 254 254 230
 254 113   0   0   0   0   0   0   0   0   0   0 130 254 254 230
 234   0   0  98 224 254 254 254 254 254 254 254 254 254 254 230
 190   0  43 254 254 254 254 254 254 254 254 254 254 254 254 230
 190   0  63 254 254 254 254 254 254 254 254 254 254 254 254 230
 190   0  37 254 254 254 254 254 254 254 254 254 254 254 254 230
 248  16   0  78 198 230 230 230 230 230 230 230 248 254 254 230
 254 142   0   0   0   0   0   0   0   0   0   0 127 254 254 230
 254 254 142  20   0   0   0   0   0   0   0   0 127 254 254 230
 254 254 254 252 195 190 190 190 190 190 190 190 233 254 254 230
 254 254 254 254 254 254 254 254 254 254 254 254 254 254 254 230
 254 254 254 254 254 254 254 254 254 254 254 254 254 254 254 230
 254 254 254 254 254 254 254 254 254 254 254 254 254 254 254 230
 254 254 254 254 254 254 254 254 254 254 254 254 254 254 254 230

