 160 190 190 190 190 190 190 190 190 190 190 190 190 190 190 190
 214 254 254 254 254 254 254 254 254 254 254 254 254 254 254 254
 214 254 254 254 254 254 254 254 254 254 254 254 254 254 254 254
 165 127 127 127 127 127 127 127 127 222 254 254 254 254 254 254
  87   0   0   0   0   0   0   0   0 165 254 254 254 254 254 254
 171 127 127  95   0   0  95 127 127 222 254 254 254 254 254 254
 214 254 254 190   0   0 190 254 254 254 254 254 254 254 254 254
 214 254 254 190   0   0 190 254 254 254 254 254 254 254 254 254
 214 254 254 190   0   0 190 254 254 254 254 254 254 254 254 254
 214 254 254 190   0   0 190 254 254 254 254 254 254 254 254 254
 214 254 254 190   0   0 190 254 254 254 254 254 254 254 254 254
 214 254 254 190   0   0 190 254 254 254 254 254 254 254 254 254
 214 254 254 190   0   0 190 254 254 254 254 254 254 254 254 254
 214 254 254 190   0   0 190 254 254 254 254 254 254 254 254 254
 214 254 254 190   0   0 190 254 254 254 254 254 254 254 254 254
 214 254 254 254 190 192 254 254 254 254 254 254 254 254 254 254
 160 190 190 190 190 190 190 190 190 190 190 190 190 190 190 190
 214 254 254 254 254 254 254 254 254 254 254 254 254 254 254 254
 214 254 254 254 254 254 254 254 254 254 254 254 254 254 254 254
 165 127 127 127 127 127 127 127 127 222 254 254 254 254 254 254
  87   0   0   0   0   0   0   0   0 165 254 254 254 254 254 254
 171 127 127  95   0   0  95 127 127 222 254 254 254 254 254 254
 214 254 254 190   0   0 190 254 254 254 254 254 254 254 254 254
 214 254 254 190   0   0 190 254 254 254 254 254 254 254 254 254
 214 254 254 190   0   0 190 254 254 254 254 254 254 254 254 254
 214 254 254 190   0   0 190 254 254 254 254 254 254 254 254 254
 214 254 254 190   0   0 190 254 254 254 254 254 254 254 254 254
 214 254 254 190   0   0 190 254 254 254 254 254 254 254 254 254
 214 254 254 190   0   0 190 254 254 254 254 254 254 254 254 254
 214 254 254 190   0   0 190 254 254 254 254 254 254 254 254 254
 214 254 254 190   0   0 190 254 254 254 254 254 254 254 254 254
 214 254 254 254 190 192 254 254 254 254 254 254 254 254 254 254
 160 190 190 190 190 190 190 190 190 190 190 190 190 190 190 190
 214 254 254 254 254 254 254 254 254 254 254 254 254 254 254 254
 214 254 254 254 254 254 254 254 254 254 254 254 254 254 254 254
 165 127 127 127 127 127 127 127 127 222 254 254 254 254 254 254
  87   0   0   0   0   0   0   0   0 165 254 254 254 254 254 254
 171 127 127  95   0   0  95 127 127 222 254 254 254 254 254 254
 214 254 254 190   0   0 190 254 254 254 254 254 254 254 254 254
 214 254 254 190   0   0 190 254 254 254 254 254 254 254 254 254
 214 254 254 190   0   0 190 254 254 254 254 254 254 254 254 254
 214 254 254 190   0   0 190 254 254 254 254 254 254 254 254 254
 214 254 254 190   0   0 190 254 254 254 254 254 254 254 254 254
 214 254 254 190   0   0 190 254 254 254 254 254 254 254 254 254
 214 254 254 190   0   0 190 254 254 254 254 254 254 254 254 254
 214 254 254 190   0   0 190 254 254 254 254 254 254 254 254 254
 214 254 254 190   0   0 190 254 254 254 254 254 254 254 254 254
 214 254 254 254 190 192 254 254 254 254 254 254 254 254 254 254

 190 254 254 254 254 254 254 254 254 254 254 254 254 254 254 254
 190 254 254 254 254 254 254 254 254 254 254 254 254 254 254 254
 190 254 254 254 254 254 254 254 254 254 254 254 254 254 254 254
 190 254 254 254 254 254 254 254 254 254 254 254 254 254 254 254
 190 254 254 254 254 254 254 254 254 254 254 254 254 254 254 254
 190 254 254 254 254 254 254 254 254 254 254 254 254 254 254 254
 190 254 254 222 165 222 254 254 254 254 254 254 254 254 254 254
 190 254 254 127   0 127 254 254 254 254 254 254 254 254 254 254
 190 254 254 127   0 127 254 254 254 254 254 254 254 254 254 254
 190 254 254 127   0  95 190 190 190 190 190 190 190 190 190 254
 190 254 254 127   0   0   0   0   0   0   0   0   0   0   0 192
 190 254 254 127   0   0   0   0   0   0   0   0   0   0   0 190
 190 254 254 127   0  95 190 190 190 190 190 190 190 190 190 254
 190 254 254 127   0 127 254 254 254 254 254 254 254 254 254 254
 190 254 254 127   0 127 254 254 254 254 254 254 254 254 254 254
 160 214 214 165  87 171 214 214 214 214 214 214 214 214 214 214
 190 254 254 254 254 254 254 254 254 254 254 254 254 254 254 254
 190 254 254 254 254 254 254 254 254 254 254 254 254 254 254 254
 190 254 254 254 254 254 254 254 254 254 254 254 254 254 254 254
 190 254 254 254 254 254 254 254 254 254 254 254 254 254 254 254
 190 254 254 254 254 254 254 254 254 254 254 254 254 254 254 254
 190 254 254 254 254 254 254 254 254 254 254 254 254 254 254 254
 190 254 254 222 165 222 254 254 254 254 254 254 254 254 254 254
 190 254 254 127   0 127 254 254 254 254 254 254 254 254 254 254
 190 254 254 127   0 127 254 254 254 254 254 254 254 254 254 254
 190 254 254 127   0  95 190 190 190 190 190 190 190 190 190 254
 190 254 254 127   0   0   0   0   0   0   0   0   0   0   0 192
 190 254 254 127   0   0   0   0   0   0   0   0   0   0   0 190
 190 254 254 127   0  95 190 190 190 190 190 190 190 190 190 254
 190 254 254 127   0 127 254 254 254 254 254 254 254 254 254 254
 190 254 254 127   0 127 254 254 254 254 254 254 254 254 254 254
 160 214 214 165  87 171 214 214 214 214 214 214 214 214 214 214
 190 254 254 254 254 254 254 254 254 254 254 254 254 254 254 254
 190 254 254 254 254 254 254 254 254 254 254 254 254 254 254 254
 190 254 254 254 254 254 254 254 254 254 254 254 254 254 254 254
 190 254 254 254 254 254 254 254 254 254 254 254 254 254 254 254
 190 254 254 254 254 254 254 254 254 254 254 254 254 254 254 254
 190 254 254 254 254 254 254 254 254 254 254 254 254 254 254 254
 190 254 254 222 165 222 254 254 254 254 254 254 254 254 254 254
 190 254 254 127   0 127 254 254 254 254 254 254 254 254 254 254
 190 254 254 127   0 127 254 254 254 254 254 254 254 254 254 254
 190 254 254 127   0  95 190 190 190 190 190 190 190 190 190 254
 190 254 254 127   0   0   0   0   0   0   0   0   0   0   0 192
 190 254 254 127   0   0   0   0   0   0   0   0   0   0   0 190
 190 254 254 127   0  95 190 190 190 190 190 190 190 190 190 254
 190 254 254 127   0 127 254 254 254 254 254 254 254 254 254 254
 190 254 254 127   0 127 254 254 254 254 254 254 254 254 254 254
 160 214 214 165  87 171 214 214 214 214 214 214 214 214 214 214

 254 254 254 254 254 254 254 254 254 254 192 190 254 254 254 214
 254 254 254 254 254 254 254 254 254 190   0   0 190 254 254 214
 254 254 254 254 254 254 254 254 254 190   0   0 190 254 254 214
 254 254 254 254 254 254 254 254 254 190   0   0 190 254 254 214
 254 254 254 254 254 254 254 254 254 190   0   0 190 254 254 214
 254 254 254 254 254 254 254 254 254 190   0   0 190 254 254 214
 254 254 254 254 254 254 254 254 254 190   0   0 190 254 254 214
 254 254 254 254 254 254 254 254 254 190   0   0 190 254 254 214
 254 254 254 254 254 254 254 254 254 190   0   0 190 254 254 214
 254 254 254 254 254 254 254 254 254 190   0   0 190 254 254 214
 254 254 254 254 254 254 222 127 127  95   0   0  95 127 127 171
 254 254 254 254 254 254 165   0   0   0   0   0   0   0   0  87
 254 254 254 254 254 254 222 127 127 127 127 127 127 127 127 165
 254 254 254 254 254 254 254 254 254 254 254 254 254 254 254 214
 254 254 254 254 254 254 254 254 254 254 254 254 254 254 254 214
 190 190 190 190 190 190 190 190 190 190 190 190 190 190 190 160
 254 254 254 254 254 254 254 254 254 254 192 190 254 254 254 214
 254 254 254 254 254 254 254 254 254 190   0   0 190 254 254 214
 254 254 254 254 254 254 254 254 254 190   0   0 190 254 254 214
 254 254 254 254 254 254 254 254 254 190   0   0 190 254 254 214
 254 254 254 254 254 254 254 254 254 190   0   0 190 254 254 214
 254 254 254 254 254 254 254 254 254 190   0   0 190 254 254 214
 254 254 254 254 254 254 254 254 254 190   0   0 190 254 254 214
 254 254 254 254 254 254 254 254 254 190   0   0 190 254 254 214
 254 254 254 254 254 254 254 254 254 190   0   0 190 254 254 214
 254 254 254 254 254 254 254 254 254 190   0   0 190 254 254 214
 254 254 254 254 254 254 222 127 127  95   0   0  95 127 127 171
 254 254 254 254 254 254 165   0   0   0   0   0   0   0   0  87
 254 254 254 254 254 254 222 127 127 127 127 127 127 127 127 165
 254 254 254 254 254 254 254 254 254 254 254 254 254 254 254 214
 254 254 254 254 254 254 254 254 254 254 254 254 254 254 254 214
 190 190 190 190 190 190 190 190 190 190 190 190 190 190 190 160
 254 254 254 254 254 254 254 254 254 254 192 190 254 254 254 214
 254 254 254 254 254 254 254 254 254 190   0   0 190 254 254 214
 254 254 254 254 254 254 254 254 254 190   0   0 190 254 254 214
 254 254 254 254 254 254 254 254 254 190   0   0 190 254 254 214
 254 254 254 254 254 254 254 254 254 190   0   0 190 254 254 214
 254 254 254 254 254 254 254 254 254 190   0   0 190 254 254 214
 254 254 254 254 254 254 254 254 254 190   0   0 190 254 254 214
 254 254 254 254 254 254 254 254 254 190   0   0 190 254 254 214
 254 254 254 254 254 254 254 254 254 190   0   0 190 254 254 214
 254 254 254 254 254 254 254 254 254 190   0   0 190 254 254 214
 254 254 254 254 254 254 222 127 127  95   0   0  95 127 127 171
 254 254 254 254 254 254 165   0   0   0   0   0   0   0   0  87
 254 254 254 254 254 254 222 127 127 127 127 127 127 127 127 165
 254 254 254 254 254 254 254 254 254 254 254 254 254 254 254 214
 254 254 254 254 254 254 254 254 254 254 254 254 254 254 254 214
 190 190 190 190 190 190 190 190 190 190 190 190 190 190 190 160

 214 214 214 214 214 214 214 214 214 214 171  87 165 214 214 160
 254 254 254 254 254 254 254 254 254 254 127   0 127 254 254 190
 254 254 254 254 254 254 254 254 254 254 127   0 127 254 254 190
 254 190 190 190 190 190 190 190 190 190  95   0 127 254 254 190
 190   0   0   0   0   0   0   0   0   0   0   0 127 254 254 190
 192   0   0   0   0   0   0   0   0   0   0   0 127 254 254 190
 254 190 190 190 190 190 190 190 190 190  95   0 127 254 254 190
 254 254 254 254 254 254 254 254 254 254 127   0 127 254 254 190
 254 254 254 254 254 254 254 254 254 254 127   0 127 254 254 190
 254 254 254 254 254 254 254 254 254 254 222 165 222 254 254 190
 254 254 254 254 254 254 254 254 254 254 254 254 254 254 254 190
 254 254 254 254 254 254 254 254 254 254 254 254 254 254 254 190
 254 254 254 254 254 254 254 254 254 254 254 254 254 254 254 190
 254 254 254 254 254 254 254 254 254 254 254 254 254 254 254 190
 254 254 254 254 254 254 254 254 254 254 254 254 254 254 254 190
 254 254 254 254 254 254 254 254 254 254 254 254 254 254 254 190
 214 214 214 214 214 214 214 214 214 214 171  87 165 214 214 160
 254 254 254 254 254 254 254 254 254 254 127   0 127 254 254 190
 254 254 254 254 254 254 254 254 254 254 127   0 127 254 254 190
 254 190 190 190 190 190 190 190 190 190  95   0 127 254 254 190
 190   0   0   0   0   0   0   0   0   0   0   0 127 254 254 190
 192   0   0   0   0   0   0   0   0   0   0   0 127 254 254 190
 254 190 190 190 190 190 190 190 190 190  95   0 127 254 254 190
 254 254 254 254 254 254 254 254 254 254 127   0 127 254 254 190
 254 254 254 254 254 254 254 254 254 254 127   0 127 254 254 190
 254 254 254 254 254 254 254 254 254 254 222 165 222 254 254 190
 254 254 254 254 254 254 254 254 254 254 254 254 254 254 254 190
 254 254 254 254 254 254 254 254 254 254 254 254 254 254 254 190
 254 254 254 254 254 254 254 254 254 254 254 254 254 254 254 190
 254 254 254 254 254 254 254 254 254 254 254 254 254 254 254 190
 254 254 254 254 254 254 254 254 254 254 254 254 254 254 254 190
 254 254 254 254 254 254 254 254 254 254 254 254 254 254 254 190
 214 214 214 214 214 214 214 214 214 214 171  87 165 214 214 160
 254 254 254 254 254 254 254 254 254 254 127   0 127 254 254 190
 254 254 254 254 254 254 254 254 254 254 127   0 127 254 254 190
 254 190 190 190 190 190 190 190 190 190  95   0 127 254 254 190
 190   0   0   0   0   0   0   0   0   0   0   0 127 254 254 190
 192   0   0   0   0   0   0   0   0   0   0   0 127 254 254 190
 254 190 190 190 190 190 190 190 190 190  95   0 127 254 254 190
 254 254 254 254 254 254 254 254 254 254 127   0 127 254 254 190
 254 254 254 254 254 254 254 254 254 254 127   0 127 254 254 190
 254 254 254 254 254 254 254 254 254 254 222 165 222 254 254 190
 254 254 254 254 254 254 254 254 254 254 254 254 254 254 254 190
 254 254 254 254 254 254 254 254 254 254 254 254 254 254 254 190
 254 254 254 254 254 254 254 254 254 254 254 254 254 254 254 190
 254 254 254 254 254 254 254 254 254 254 254 254 254 254 254 190
 254 254 254 254 254 254 254 254 254 254 254 254 254 254 254 190
 254 254 254 254 254 254 254 254 254 254 254 254 254 254 254 190

