 143 191 191 191 191 191 191 191 191 191 191 191 191 191 191 191
 191 255 255 255 255 255 255 255 255 255 255 255 255 255 255 255
 191 255 255 255 255 255 255 255 255 255 255 255 255 255 255 255
 191 239 127 127 127 127 143 207 255 255 255 255 255 255 255 255
 191 128   0   0   0   0   0   0  79 252 255 255 255 255 255 255
 191 127   0   0 143 176  95   0   0 191 255 255 255 255 255 255
 191 127   0   0 191 255 249   0   0 171 255 255 255 255 255 255
 191 127   0   0 191 255 211   0   0 191 255 255 255 255 255 255
 191 127   0   0  47  56   0   0 159 255 255 255 255 255 255 255
 191 127   0   0   0   0   0   0  31 188 255 255 255 255 255 255
 191 127   0   0 191 255 202  63   0  31 255 255 255 255 255 255
 191 127   0   0 191 255 255 191   0   0 191 255 255 255 255 255
 191 127   0   0 191 255 255 127   0   0 243 255 255 255 255 255
 191 127   0   0  47  63  40   0   0 127 255 255 255 255 255 255
 191 156   0   0   0   0   0  36 132 239 255 255 255 255 255 255
 191 255 223 207 207 215 251 255 255 255 255 255 255 255 255 255
 143 191 191 191 191 191 191 191 191 191 191 191 191 191 191 191
 191 255 255 255 255 255 255 255 255 255 255 255 255 255 255 255
 191 255 255 255 255 255 255 255 255 255 255 255 255 255 255 255
 191 239 127 127 127 127 143 207 255 255 255 255 255 255 255 255
 191 128   0   0   0   0   0   0  79 252 255 255 255 255 255 255
 191 127   0   0 143 176  95   0   0 191 255 255 255 255 255 255
 191 127   0   0 191 255 249   0   0 171 255 255 255 255 255 255
 191 127   0   0 191 255 211   0   0 191 255 255 255 255 255 255
 191 127   0   0  47  56   0   0 159 255 255 255 255 255 255 255
 191 127   0   0   0   0   0   0  31 188 255 255 255 255 255 255
 191 127   0   0 191 255 202  63   0  31 255 255 255 255 255 255
 191 127   0   0 191 255 255 191   0   0 191 255 255 255 255 255
 191 127   0   0 191 255 255 127   0   0 243 255 255 255 255 255
 191 127   0   0  47  63  40   0   0 127 255 255 255 255 255 255
 191 156   0   0   0   0   0  36 132 239 255 255 255 255 255 255
 191 255 223 207 207 215 251 255 255 255 255 255 255 255 255 255
 143 191 191 191 191 191 191 191 191 191 191 191 191 191 191 191
 191 255 255 255 255 255 255 255 255 255 255 255 255 255 255 255
 191 255 255 255 255 255 255 255 255 255 255 255 255 255 255 255
 191 239 127 127 127 127 143 207 255 255 255 255 255 255 255 255
 191 128   0   0   0   0   0   0  79 252 255 255 255 255 255 255
 191 127   0   0 143 176  95   0   0 191 255 255 255 255 255 255
 191 127   0   0 191 255 249   0   0 171 255 255 255 255 255 255
 191 127   0   0 191 255 211   0   0 191 255 255 255 255 255 255
 191 127   0   0  47  56   0   0 159 255 255 255 255 255 255 255
 191 127   0   0   0   0   0   0  31 188 255 255 255 255 255 255
 191 127   0   0 191 255 202  63   0  31 255 255 255 255 255 255
 191 127   0   0 191 255 255 191   0   0 191 255 255 255 255 255
 191 127   0   0 191 255 255 127   0   0 243 255 255 255 255 255
 191 127   0   0  47  63  40   0   0 127 255 255 255 255 255 255
 191 156   0   0   0   0   0  36 132 239 255 255 255 255 255 255
 191 255 223 207 207 215 251 255 255 255 255 255 255 255 255 255

 191 255 255 255 255 255 255 255 255 255 255 255 255 255 255 255
 191 255 255 255 255 255 255 255 255 255 255 255 255 255 255 255
 191 255 255 255 255 255 255 255 255 255 255 255 255 255 255 255
 191 255 255 255 255 255 255 255 255 255 255 255 255 255 255 255
 191 255 255 255 255 255 255 255 255 255 255 255 255 255 255 255
 191 255 255 255 255 255 255 255 255 255 255 191 243 255 255 255
 191 255 255 255 252 191 171 191 255 188  31   0   0 127 239 255
 191 255 255 255  79   0   0   0 159  31   0   0   0   0 132 255
 191 255 255 207   0   0   0   0   0   0  63 191 127   0  36 255
 191 255 255 143   0  95 249 211   0   0 202 255 255  40   0 251
 191 255 255 127   0 176 255 255  56   0 255 255 255  63   0 215
 191 255 255 127   0 143 191 191  47   0 191 191 191  47   0 207
 191 255 255 127   0   0   0   0   0   0   0   0   0   0   0 207
 191 255 255 127   0   0   0   0   0   0   0   0   0   0   0 223
 191 255 255 239 128 127 127 127 127 127 127 127 127 127 156 255
 143 191 191 191 191 191 191 191 191 191 191 191 191 191 191 191
 191 255 255 255 255 255 255 255 255 255 255 255 255 255 255 255
 191 255 255 255 255 255 255 255 255 255 255 255 255 255 255 255
 191 255 255 255 255 255 255 255 255 255 255 255 255 255 255 255
 191 255 255 255 255 255 255 255 255 255 255 255 255 255 255 255
 191 255 255 255 255 255 255 255 255 255 255 255 255 255 255 255
 191 255 255 255 255 255 255 255 255 255 255 191 243 255 255 255
 191 255 255 255 252 191 171 191 255 188  31   0   0 127 239 255
 191 255 255 255  79   0   0   0 159  31   0   0   0   0 132 255
 191 255 255 207   0   0   0   0   0   0  63 191 127   0  36 255
 191 255 255 143   0  95 249 211   0   0 202 255 255  40   0 251
 191 255 255 127   0 176 255 255  56   0 255 255 255  63   0 215
 191 255 255 127   0 143 191 191  47   0 191 191 191  47   0 207
 191 255 255 127   0   0   0   0   0   0   0   0   0   0   0 207
 191 255 255 127   0   0   0   0   0   0   0   0   0   0   0 223
 191 255 255 239 128 127 127 127 127 127 127 127 127 127 156 255
 143 191 191 191 191 191 191 191 191 191 191 191 191 191 191 191
 191 255 255 255 255 255 255 255 255 255 255 255 255 255 255 255
 191 255 255 255 255 255 255 255 255 255 255 255 255 255 255 255
 191 255 255 255 255 255 255 255 255 255 255 255 255 255 255 255
 191 255 255 255 255 255 255 255 255 255 255 255 255 255 255 255
 191 255 255 255 255 255 255 255 255 255 255 255 255 255 255 255
 191 255 255 255 255 255 255 255 255 255 255 191 243 255 255 255
 191 255 255 255 252 191 171 191 255 188  31   0   0 127 239 255
 191 255 255 255  79   0   0   0 159  31   0   0   0   0 132 255
 191 255 255 207   0   0   0   0   0   0  63 191 127   0  36 255
 191 255 255 143   0  95 249 211   0   0 202 255 255  40   0 251
 191 255 255 127   0 176 255 255  56   0 255 255 255  63   0 215
 191 255 255 127   0 143 191 191  47   0 191 191 191  47   0 207
 191 255 255 127   0   0   0   0   0   0   0   0   0   0   0 207
 191 255 255 127   0   0   0   0   0   0   0   0   0   0   0 223
 191 255 255 239 128 127 127 127 127 127 127 127 127 127 156 255
 143 191 191 191 191 191 191 191 191 191 191 191 191 191 191 191

 255 255 255 255 255 255 255 255 255 251 215 207 207 223 255 191
 255 255 255 255 255 255 239 132  36   0   0   0   0   0 156 191
 255 255 255 255 255 255 127   0   0  40  63  47   0   0 127 191
 255 255 255 255 255 243   0   0 127 255 255 191   0   0 127 191
 255 255 255 255 255 191   0   0 191 255 255 191   0   0 127 191
 255 255 255 255 255 255  31   0  63 202 255 191   0   0 127 191
 255 255 255 255 255 255 188  31   0   0   0   0   0   0 127 191
 255 255 255 255 255 255 255 159   0   0  56  47   0   0 127 191
 255 255 255 255 255 255 191   0   0 211 255 191   0   0 127 191
 255 255 255 255 255 255 171   0   0 249 255 191   0   0 127 191
 255 255 255 255 255 255 191   0   0  95 176 143   0   0 127 191
 255 255 255 255 255 255 252  79   0   0   0   0   0   0 128 191
 255 255 255 255 255 255 255 255 207 143 127 127 127 127 239 191
 255 255 255 255 255 255 255 255 255 255 255 255 255 255 255 191
 255 255 255 255 255 255 255 255 255 255 255 255 255 255 255 191
 191 191 191 191 191 191 191 191 191 191 191 191 191 191 191 143
 255 255 255 255 255 255 255 255 255 251 215 207 207 223 255 191
 255 255 255 255 255 255 239 132  36   0   0   0   0   0 156 191
 255 255 255 255 255 255 127   0   0  40  63  47   0   0 127 191
 255 255 255 255 255 243   0   0 127 255 255 191   0   0 127 191
 255 255 255 255 255 191   0   0 191 255 255 191   0   0 127 191
 255 255 255 255 255 255  31   0  63 202 255 191   0   0 127 191
 255 255 255 255 255 255 188  31   0   0   0   0   0   0 127 191
 255 255 255 255 255 255 255 159   0   0  56  47   0   0 127 191
 255 255 255 255 255 255 191   0   0 211 255 191   0   0 127 191
 255 255 255 255 255 255 171   0   0 249 255 191   0   0 127 191
 255 255 255 255 255 255 191   0   0  95 176 143   0   0 127 191
 255 255 255 255 255 255 252  79   0   0   0   0   0   0 128 191
 255 255 255 255 255 255 255 255 207 143 127 127 127 127 239 191
 255 255 255 255 255 255 255 255 255 255 255 255 255 255 255 191
 255 255 255 255 255 255 255 255 255 255 255 255 255 255 255 191
 191 191 191 191 191 191 191 191 191 191 191 191 191 191 191 143
 255 255 255 255 255 255 255 255 255 251 215 207 207 223 255 191
 255 255 255 255 255 255 239 132  36   0   0   0   0   0 156 191
 255 255 255 255 255 255 127   0   0  40  63  47   0   0 127 191
 255 255 255 255 255 243   0   0 127 255 255 191   0   0 127 191
 255 255 255 255 255 191   0   0 191 255 255 191   0   0 127 191
 255 255 255 255 255 255  31   0  63 202 255 191   0   0 127 191
 255 255 255 255 255 255 188  31   0   0   0   0   0   0 127 191
 255 255 255 255 255 255 255 159   0   0  56  47   0   0 127 191
 255 255 255 255 255 255 191   0   0 211 255 191   0   0 127 191
 255 255 255 255 255 255 171   0   0 249 255 191   0   0 127 191
 255 255 255 255 255 255 191   0   0  95 176 143   0   0 127 191
 255 255 255 255 255 255 252  79   0   0   0   0   0   0 128 191
 255 255 255 255 255 255 255 255 207 143 127 127 127 127 239 191
 255 255 255 255 255 255 255 255 255 255 255 255 255 255 255 191
 255 255 255 255 255 255 255 255 255 255 255 255 255 255 255 191
 191 191 191 191 191 191 191 191 191 191 191 191 191 191 191 143

 191 191 191 191 191 191 191 191 191 191 191 191 191 191 191 143
 255 156 127 127 127 127 127 127 127 127 127 128 239 255 255 191
 223   0   0   0   0   0   0   0   0   0   0   0 127 255 255 191
 207   0   0   0   0   0   0   0   0   0   0   0 127 255 255 191
 207   0  47 191 191 191   0  47 191 191 143   0 127 255 255 191
 215   0  63 255 255 255   0  56 255 255 176   0 127 255 255 191
 251   0  40 255 255 202   0   0 211 249  95   0 143 255 255 191
 255  36   0 127 191  63   0   0   0   0   0   0 207 255 255 191
 255 132   0   0   0   0  31 159   0   0   0  79 255 255 255 191
 255 239 127   0   0  31 188 255 191 171 191 252 255 255 255 191
 255 255 255 243 191 255 255 255 255 255 255 255 255 255 255 191
 255 255 255 255 255 255 255 255 255 255 255 255 255 255 255 191
 255 255 255 255 255 255 255 255 255 255 255 255 255 255 255 191
 255 255 255 255 255 255 255 255 255 255 255 255 255 255 255 191
 255 255 255 255 255 255 255 255 255 255 255 255 255 255 255 191
 255 255 255 255 255 255 255 255 255 255 255 255 255 255 255 191
 191 191 191 191 191 191 191 191 191 191 191 191 191 191 191 143
 255 156 127 127 127 127 127 127 127 127 127 128 239 255 255 191
 223   0   0   0   0   0   0   0   0   0   0   0 127 255 255 191
 207   0   0   0   0   0   0   0   0   0   0   0 127 255 255 191
 207   0  47 191 191 191   0  47 191 191 143   0 127 255 255 191
 215   0  63 255 255 255   0  56 255 255 176   0 127 255 255 191
 251   0  40 255 255 202   0   0 211 249  95   0 143 255 255 191
 255  36   0 127 191  63   0   0   0   0   0   0 207 255 255 191
 255 132   0   0   0   0  31 159   0   0   0  79 255 255 255 191
 255 239 127   0   0  31 188 255 191 171 191 252 255 255 255 191
 255 255 255 243 191 255 255 255 255 255 255 255 255 255 255 191
 255 255 255 255 255 255 255 255 255 255 255 255 255 255 255 191
 255 255 255 255 255 255 255 255 255 255 255 255 255 255 255 191
 255 255 255 255 255 255 255 255 255 255 255 255 255 255 255 191
 255 255 255 255 255 255 255 255 255 255 255 255 255 255 255 191
 255 255 255 255 255 255 255 255 255 255 255 255 255 255 255 191
 191 191 191 191 191 191 191 191 191 191 191 191 191 191 191 143
 255 156 127 127 127 127 127 127 127 127 127 128 239 255 255 191
 223   0   0   0   0   0   0   0   0   0   0   0 127 255 255 191
 207   0   0   0   0   0   0   0   0   0   0   0 127 255 255 191
 207   0  47 191 191 191   0  47 191 191 143   0 127 255 255 191
 215   0  63 255 255 255   0  56 255 255 176   0 127 255 255 191
 251   0  40 255 255 202   0   0 211 249  95   0 143 255 255 191
 255  36   0 127 191  63   0   0   0   0   0   0 207 255 255 191
 255 132   0   0   0   0  31 159   0   0   0  79 255 255 255 191
 255 239 127   0   0  31 188 255 191 171 191 252 255 255 255 191
 255 255 255 243 191 255 255 255 255 255 255 255 255 255 255 191
 255 255 255 255 255 255 255 255 255 255 255 255 255 255 255 191
 255 255 255 255 255 255 255 255 255 255 255 255 255 255 255 191
 255 255 255 255 255 255 255 255 255 255 255 255 255 255 255 191
 255 255 255 255 255 255 255 255 255 255 255 255 255 255 255 191
 255 255 255 255 255 255 255 255 255 255 255 255 255 255 255 191

