 143 191 191 191 191 191 191 191 191 191 191 191 191 191 191 191
 191 255 255 255 255 255 255 255 255 255 255 255 255 255 255 255
 191 255 255 255 255 255 255 255 255 255 255 255 255 255 255 255
 191 255 251 142  63  63 109 223 255 255 255 255 255 255 255 255
 191 207  31   0   0   0   0   5 255 255 255 255 255 255 255 255
 191 111   0  26 175 191 143  61 255 255 255 255 255 255 255 255
 191  63   0  63 255 255 255 255 255 255 255 255 255 255 255 255
 191  95   0   0 166 255 255 255 255 255 255 255 255 255 255 255
 191 175   0   0   0  15 127 255 255 255 255 255 255 255 255 255
 191 255 207  36   0   0   0  48 255 255 255 255 255 255 255 255
 191 255 255 255 165  63   0   0 159 255 255 255 255 255 255 255
 191 255 255 255 255 239  15   0 127 255 255 255 255 255 255 255
 191 174 255 255 255 239  15   0 127 255 255 255 255 255 255 255
 191   0   0  63  63  31   0   0 239 255 255 255 255 255 255 255
 191 111   0   0   0   0  43 175 255 255 255 255 255 255 255 255
 191 255 239 187 163 200 255 255 255 255 255 255 255 255 255 255
 143 191 191 191 191 191 191 191 191 191 191 191 191 191 191 191
 191 255 255 255 255 255 255 255 255 255 255 255 255 255 255 255
 191 255 255 255 255 255 255 255 255 255 255 255 255 255 255 255
 191 255 251 142  63  63 109 223 255 255 255 255 255 255 255 255
 191 207  31   0   0   0   0   5 255 255 255 255 255 255 255 255
 191 111   0  26 175 191 143  61 255 255 255 255 255 255 255 255
 191  63   0  63 255 255 255 255 255 255 255 255 255 255 255 255
 191  95   0   0 166 255 255 255 255 255 255 255 255 255 255 255
 191 175   0   0   0  15 127 255 255 255 255 255 255 255 255 255
 191 255 207  36   0   0   0  48 255 255 255 255 255 255 255 255
 191 255 255 255 165  63   0   0 159 255 255 255 255 255 255 255
 191 255 255 255 255 239  15   0 127 255 255 255 255 255 255 255
 191 174 255 255 255 239  15   0 127 255 255 255 255 255 255 255
 191   0   0  63  63  31   0   0 239 255 255 255 255 255 255 255
 191 111   0   0   0   0  43 175 255 255 255 255 255 255 255 255
 191 255 239 187 163 200 255 255 255 255 255 255 255 255 255 255
 143 191 191 191 191 191 191 191 191 191 191 191 191 191 191 191
 191 255 255 255 255 255 255 255 255 255 255 255 255 255 255 255
 191 255 255 255 255 255 255 255 255 255 255 255 255 255 255 255
 191 255 251 142  63  63 109 223 255 255 255 255 255 255 255 255
 191 207  31   0   0   0   0   5 255 255 255 255 255 255 255 255
 191 111   0  26 175 191 143  61 255 255 255 255 255 255 255 255
 191  63   0  63 255 255 255 255 255 255 255 255 255 255 255 255
 191  95   0   0 166 255 255 255 255 255 255 255 255 255 255 255
 191 175   0   0   0  15 127 255 255 255 255 255 255 255 255 255
 191 255 207  36   0   0   0  48 255 255 255 255 255 255 255 255
 191 255 255 255 165  63   0   0 159 255 255 255 255 255 255 255
 191 255 255 255 255 239  15   0 127 255 255 255 255 255 255 255
 191 174 255 255 255 239  15   0 127 255 255 255 255 255 255 255
 191   0   0  63  63  31   0   0 239 255 255 255 255 255 255 255
 191 111   0   0   0   0  43 175 255 255 255 255 255 255 255 255
 191 255 239 187 163 200 255 255 255 255 255 255 255 255 255 255

 191 255 255 255 255 255 255 255 255 255 255 255 255 255 255 255
 191 255 255 255 255 255 255 255 255 255 255 255 255 255 255 255
 191 255 255 255 255 255 255 255 255 255 255 255 255 255 255 255
 191 255 255 255 255 255 255 255 255 255 255 255 255 255 255 255
 191 255 255 255 255 255 255 255 255 255 255 255 255 255 255 255
 191 255 255 255 255 255 255 255 255 255 255 255 255 255 255 255
 191 255 255 255 255 255 255 255 255 255 255 255 255 255 255 255
 191 255 255 255 255 255 255 255 255 255 159 127 127 239 255 255
 191 255 255 223   5  61 255 255 255  48   0   0   0   0 175 255
 191 255 255 109   0 143 255 255 127   0   0  15  15   0  43 255
 191 255 255  63   0 191 255 255  15   0  63 239 239  31   0 200
 191 255 255  63   0 175 255 166   0   0 165 255 255  63   0 163
 191 255 255 142   0  26  63   0   0  36 255 255 255  63   0 187
 191 255 255 251  31   0   0   0   0 207 255 255 255   0   0 239
 191 255 255 255 207 111  63  95 175 255 255 255 174   0 111 255
 143 191 191 191 191 191 191 191 191 191 191 191 191 191 191 191
 191 255 255 255 255 255 255 255 255 255 255 255 255 255 255 255
 191 255 255 255 255 255 255 255 255 255 255 255 255 255 255 255
 191 255 255 255 255 255 255 255 255 255 255 255 255 255 255 255
 191 255 255 255 255 255 255 255 255 255 255 255 255 255 255 255
 191 255 255 255 255 255 255 255 255 255 255 255 255 255 255 255
 191 255 255 255 255 255 255 255 255 255 255 255 255 255 255 255
 191 255 255 255 255 255 255 255 255 255 255 255 255 255 255 255
 191 255 255 255 255 255 255 255 255 255 159 127 127 239 255 255
 191 255 255 223   5  61 255 255 255  48   0   0   0   0 175 255
 191 255 255 109   0 143 255 255 127   0   0  15  15   0  43 255
 191 255 255  63   0 191 255 255  15   0  63 239 239  31   0 200
 191 255 255  63   0 175 255 166   0   0 165 255 255  63   0 163
 191 255 255 142   0  26  63   0   0  36 255 255 255  63   0 187
 191 255 255 251  31   0   0   0   0 207 255 255 255   0   0 239
 191 255 255 255 207 111  63  95 175 255 255 255 174   0 111 255
 143 191 191 191 191 191 191 191 191 191 191 191 191 191 191 191
 191 255 255 255 255 255 255 255 255 255 255 255 255 255 255 255
 191 255 255 255 255 255 255 255 255 255 255 255 255 255 255 255
 191 255 255 255 255 255 255 255 255 255 255 255 255 255 255 255
 191 255 255 255 255 255 255 255 255 255 255 255 255 255 255 255
 191 255 255 255 255 255 255 255 255 255 255 255 255 255 255 255
 191 255 255 255 255 255 255 255 255 255 255 255 255 255 255 255
 191 255 255 255 255 255 255 255 255 255 255 255 255 255 255 255
 191 255 255 255 255 255 255 255 255 255 159 127 127 239 255 255
 191 255 255 223   5  61 255 255 255  48   0   0   0   0 175 255
 191 255 255 109   0 143 255 255 127   0   0  15  15   0  43 255
 191 255 255  63   0 191 255 255  15   0  63 239 239  31   0 200
 191 255 255  63   0 175 255 166   0   0 165 255 255  63   0 163
 191 255 255 142   0  26  63   0   0  36 255 255 255  63   0 187
 191 255 255 251  31   0   0   0   0 207 255 255 255   0   0 239
 191 255 255 255 207 111  63  95 175 255 255 255 174   0 111 255
 143 191 191 191 191 191 191 191 191 191 191 191 191 191 191 191

 255 255 255 255 255 255 255 255 255 255 200 163 187 239 255 191
 255 255 255 255 255 255 255 255 175  43   0   0   0   0 111 191
 255 255 255 255 255 255 255 239   0   0  31  63  63   0   0 191
 255 255 255 255 255 255 255 127   0  15 239 255 255 255 174 191
 255 255 255 255 255 255 255 127   0  15 239 255 255 255 255 191
 255 255 255 255 255 255 255 159   0   0  63 165 255 255 255 191
 255 255 255 255 255 255 255 255  48   0   0   0  36 207 255 191
 255 255 255 255 255 255 255 255 255 127  15   0   0   0 175 191
 255 255 255 255 255 255 255 255 255 255 255 166   0   0  95 191
 255 255 255 255 255 255 255 255 255 255 255 255  63   0  63 191
 255 255 255 255 255 255 255 255  61 143 191 175  26   0 111 191
 255 255 255 255 255 255 255 255   5   0   0   0   0  31 207 191
 255 255 255 255 255 255 255 255 223 109  63  63 142 251 255 191
 255 255 255 255 255 255 255 255 255 255 255 255 255 255 255 191
 255 255 255 255 255 255 255 255 255 255 255 255 255 255 255 191
 191 191 191 191 191 191 191 191 191 191 191 191 191 191 191 143
 255 255 255 255 255 255 255 255 255 255 200 163 187 239 255 191
 255 255 255 255 255 255 255 255 175  43   0   0   0   0 111 191
 255 255 255 255 255 255 255 239   0   0  31  63  63   0   0 191
 255 255 255 255 255 255 255 127   0  15 239 255 255 255 174 191
 255 255 255 255 255 255 255 127   0  15 239 255 255 255 255 191
 255 255 255 255 255 255 255 159   0   0  63 165 255 255 255 191
 255 255 255 255 255 255 255 255  48   0   0   0  36 207 255 191
 255 255 255 255 255 255 255 255 255 127  15   0   0   0 175 191
 255 255 255 255 255 255 255 255 255 255 255 166   0   0  95 191
 255 255 255 255 255 255 255 255 255 255 255 255  63   0  63 191
 255 255 255 255 255 255 255 255  61 143 191 175  26   0 111 191
 255 255 255 255 255 255 255 255   5   0   0   0   0  31 207 191
 255 255 255 255 255 255 255 255 223 109  63  63 142 251 255 191
 255 255 255 255 255 255 255 255 255 255 255 255 255 255 255 191
 255 255 255 255 255 255 255 255 255 255 255 255 255 255 255 191
 191 191 191 191 191 191 191 191 191 191 191 191 191 191 191 143
 255 255 255 255 255 255 255 255 255 255 200 163 187 239 255 191
 255 255 255 255 255 255 255 255 175  43   0   0   0   0 111 191
 255 255 255 255 255 255 255 239   0   0  31  63  63   0   0 191
 255 255 255 255 255 255 255 127   0  15 239 255 255 255 174 191
 255 255 255 255 255 255 255 127   0  15 239 255 255 255 255 191
 255 255 255 255 255 255 255 159   0   0  63 165 255 255 255 191
 255 255 255 255 255 255 255 255  48   0   0   0  36 207 255 191
 255 255 255 255 255 255 255 255 255 127  15   0   0   0 175 191
 255 255 255 255 255 255 255 255 255 255 255 166   0   0  95 191
 255 255 255 255 255 255 255 255 255 255 255 255  63   0  63 191
 255 255 255 255 255 255 255 255  61 143 191 175  26   0 111 191
 255 255 255 255 255 255 255 255   5   0   0   0   0  31 207 191
 255 255 255 255 255 255 255 255 223 109  63  63 142 251 255 191
 255 255 255 255 255 255 255 255 255 255 255 255 255 255 255 191
 255 255 255 255 255 255 255 255 255 255 255 255 255 255 255 191
 191 191 191 191 191 191 191 191 191 191 191 191 191 191 191 143

 191 191 191 191 191 191 191 191 191 191 191 191 191 191 191 143
 255 111   0 174 255 255 255 175  95  63 111 207 255 255 255 191
 239   0   0 255 255 255 207   0   0   0   0  31 251 255 255 191
 187   0  63 255 255 255  36   0   0  63  26   0 142 255 255 191
 163   0  63 255 255 165   0   0 166 255 175   0  63 255 255 191
 200   0  31 239 239  63   0  15 255 255 191   0  63 255 255 191
 255  43   0  15  15   0   0 127 255 255 143   0 109 255 255 191
 255 175   0   0   0   0  48 255 255 255  61   5 223 255 255 191
 255 255 239 127 127 159 255 255 255 255 255 255 255 255 255 191
 255 255 255 255 255 255 255 255 255 255 255 255 255 255 255 191
 255 255 255 255 255 255 255 255 255 255 255 255 255 255 255 191
 255 255 255 255 255 255 255 255 255 255 255 255 255 255 255 191
 255 255 255 255 255 255 255 255 255 255 255 255 255 255 255 191
 255 255 255 255 255 255 255 255 255 255 255 255 255 255 255 191
 255 255 255 255 255 255 255 255 255 255 255 255 255 255 255 191
 255 255 255 255 255 255 255 255 255 255 255 255 255 255 255 191
 191 191 191 191 191 191 191 191 191 191 191 191 191 191 191 143
 255 111   0 174 255 255 255 175  95  63 111 207 255 255 255 191
 239   0   0 255 255 255 207   0   0   0   0  31 251 255 255 191
 187   0  63 255 255 255  36   0   0  63  26   0 142 255 255 191
 163   0  63 255 255 165   0   0 166 255 175   0  63 255 255 191
 200   0  31 239 239  63   0  15 255 255 191   0  63 255 255 191
 255  43   0  15  15   0   0 127 255 255 143   0 109 255 255 191
 255 175   0   0   0   0  48 255 255 255  61   5 223 255 255 191
 255 255 239 127 127 159 255 255 255 255 255 255 255 255 255 191
 255 255 255 255 255 255 255 255 255 255 255 255 255 255 255 191
 255 255 255 255 255 255 255 255 255 255 255 255 255 255 255 191
 255 255 255 255 255 255 255 255 255 255 255 255 255 255 255 191
 255 255 255 255 255 255 255 255 255 255 255 255 255 255 255 191
 255 255 255 255 255 255 255 255 255 255 255 255 255 255 255 191
 255 255 255 255 255 255 255 255 255 255 255 255 255 255 255 191
 255 255 255 255 255 255 255 255 255 255 255 255 255 255 255 191
 191 191 191 191 191 191 191 191 191 191 191 191 191 191 191 143
 255 111   0 174 255 255 255 175  95  63 111 207 255 255 255 191
 239   0   0 255 255 255 207   0   0   0   0  31 251 255 255 191
 187   0  63 255 255 255  36   0   0  63  26   0 142 255 255 191
 163   0  63 255 255 165   0   0 166 255 175   0  63 255 255 191
 200   0  31 239 239  63   0  15 255 255 191   0  63 255 255 191
 255  43   0  15  15   0   0 127 255 255 143   0 109 255 255 191
 255 175   0   0   0   0  48 255 255 255  61   5 223 255 255 191
 255 255 239 127 127 159 255 255 255 255 255 255 255 255 255 191
 255 255 255 255 255 255 255 255 255 255 255 255 255 255 255 191
 255 255 255 255 255 255 255 255 255 255 255 255 255 255 255 191
 255 255 255 255 255 255 255 255 255 255 255 255 255 255 255 191
 255 255 255 255 255 255 255 255 255 255 255 255 255 255 255 191
 255 255 255 255 255 255 255 255 255 255 255 255 255 255 255 191
 255 255 255 255 255 255 255 255 255 255 255 255 255 255 255 191
 255 255 255 255 255 255 255 255 255 255 255 255 255 255 255 191

