 243 255 255 255 255 255 255 254 255 255 254 254 255 255 255 255
 242 254 255 254 255 255 254 255 254 254 255 254 254 254 255 254
 242 255 255 255 255 255 254 255 254 255 255 254 255 255 255 255
 242 255 255 255 255 255 255 255 255 255 255 254 255 255 255 255
 242 255 255 255 255 254 227 191 196 248 254 255 255 254 241 255
 242 255 254 252 146  42   0   0   0   4 104 234 254 161 129 255
 242 254 194  41   0  44 121 127 112  35   0  27 127   7 131 255
 242 159   2  14 169 254 254 254 254 254 162   0   0  49 246 254
 242 133   2   5 132 236 254 254 251 172  37   0  29   0 139 255
 242 255 200  62   0   3  50  58  12   0  19 144 253  97 127 255
 242 255 255 254 178  78  10   0  38 125 237 254 254 254 214 255
 242 255 255 255 255 254 254 254 254 255 254 254 255 255 255 255
 242 255 255 255 255 255 255 255 255 255 255 255 255 255 255 255
 242 255 255 254 255 255 255 254 255 255 255 255 255 255 255 255
 242 255 255 255 255 255 255 255 255 255 255 255 255 255 255 255
 242 255 255 255 255 255 255 255 255 255 255 255 255 255 255 255
 243 255 255 255 255 255 255 254 255 255 254 254 255 255 255 255
 242 254 255 254 255 255 254 255 254 254 255 254 254 254 255 254
 242 255 255 255 255 255 254 255 254 255 255 254 255 255 255 255
 242 255 255 255 255 255 255 255 255 255 255 254 255 255 255 255
 242 255 255 255 255 254 227 191 196 248 254 255 255 254 241 255
 242 255 254 252 146  42   0   0   0   4 104 234 254 161 129 255
 242 254 194  41   0  44 121 127 112  35   0  27 127   7 131 255
 242 159   2  14 169 254 254 254 254 254 162   0   0  49 246 254
 242 133   2   5 132 236 254 254 251 172  37   0  29   0 139 255
 242 255 200  62   0   3  50  58  12   0  19 144 253  97 127 255
 242 255 255 254 178  78  10   0  38 125 237 254 254 254 214 255
 242 255 255 255 255 254 254 254 254 255 254 254 255 255 255 255
 242 255 255 255 255 255 255 255 255 255 255 255 255 255 255 255
 242 255 255 254 255 255 255 254 255 255 255 255 255 255 255 255
 242 255 255 255 255 255 255 255 255 255 255 255 255 255 255 255
 242 255 255 255 255 255 255 255 255 255 255 255 255 255 255 255
 243 255 255 255 255 255 255 254 255 255 254 254 255 255 255 255
 242 254 255 254 255 255 254 255 254 254 255 254 254 254 255 254
 242 255 255 255 255 255 254 255 254 255 255 254 255 255 255 255
 242 255 255 255 255 255 255 255 255 255 255 254 255 255 255 255
 242 255 255 255 255 254 227 191 196 248 254 255 255 254 241 255
 242 255 254 252 146  42   0   0   0   4 104 234 254 161 129 255
 242 254 194  41   0  44 121 127 112  35   0  27 127   7 131 255
 242 159   2  14 169 254 254 254 254 254 162   0   0  49 246 254
 242 133   2   5 132 236 254 254 251 172  37   0  29   0 139 255
 242 255 200  62   0   3  50  58  12   0  19 144 253  97 127 255
 242 255 255 254 178  78  10   0  38 125 237 254 254 254 214 255
 242 255 255 255 255 254 254 254 254 255 254 254 255 255 255 255
 242 255 255 255 255 255 255 255 255 255 255 255 255 255 255 255
 242 255 255 254 255 255 255 254 255 255 255 255 255 255 255 255
 242 255 255 255 255 255 255 255 255 255 255 255 255 255 255 255
 242 255 255 255 255 255 255 255 255 255 255 255 255 255 255 255

 255 254 255 255 255 255 255 254 255 255 255 255 255 255 255 255
 255 255 255 255 241 129 131 246 139 127 214 255 255 255 255 255
 255 254 255 255 254 161   7  49   0  97 254 255 255 255 255 255
 255 254 255 255 255 254 127   0  29 253 254 255 255 255 255 255
 254 254 254 254 255 234  27   0   0 144 254 254 255 255 255 255
 254 255 255 255 254 104   0 162  37  19 237 254 255 255 255 255
 255 254 255 255 248   4  35 254 172   0 125 255 255 255 255 255
 255 254 254 255 196   0 112 254 251  12  38 254 255 255 255 255
 254 255 255 255 191   0 127 254 254  58   0 254 255 254 255 255
 255 254 254 255 227   0 121 254 254  50  10 254 255 255 255 255
 255 255 255 255 254  42  44 254 236   3  78 254 255 255 255 255
 255 255 255 255 255 146   0 169 132   0 178 255 255 255 255 255
 255 254 255 255 255 252  41  14   5  62 254 255 255 254 255 255
 255 255 255 255 255 254 194   2   2 200 255 255 255 255 255 255
 255 254 255 255 255 255 254 159 133 255 255 255 255 255 255 255
 243 242 242 242 242 242 242 242 242 242 242 242 242 242 242 242
 255 254 255 255 255 255 255 254 255 255 255 255 255 255 255 255
 255 255 255 255 241 129 131 246 139 127 214 255 255 255 255 255
 255 254 255 255 254 161   7  49   0  97 254 255 255 255 255 255
 255 254 255 255 255 254 127   0  29 253 254 255 255 255 255 255
 254 254 254 254 255 234  27   0   0 144 254 254 255 255 255 255
 254 255 255 255 254 104   0 162  37  19 237 254 255 255 255 255
 255 254 255 255 248   4  35 254 172   0 125 255 255 255 255 255
 255 254 254 255 196   0 112 254 251  12  38 254 255 255 255 255
 254 255 255 255 191   0 127 254 254  58   0 254 255 254 255 255
 255 254 254 255 227   0 121 254 254  50  10 254 255 255 255 255
 255 255 255 255 254  42  44 254 236   3  78 254 255 255 255 255
 255 255 255 255 255 146   0 169 132   0 178 255 255 255 255 255
 255 254 255 255 255 252  41  14   5  62 254 255 255 254 255 255
 255 255 255 255 255 254 194   2   2 200 255 255 255 255 255 255
 255 254 255 255 255 255 254 159 133 255 255 255 255 255 255 255
 243 242 242 242 242 242 242 242 242 242 242 242 242 242 242 242
 255 254 255 255 255 255 255 254 255 255 255 255 255 255 255 255
 255 255 255 255 241 129 131 246 139 127 214 255 255 255 255 255
 255 254 255 255 254 161   7  49   0  97 254 255 255 255 255 255
 255 254 255 255 255 254 127   0  29 253 254 255 255 255 255 255
 254 254 254 254 255 234  27   0   0 144 254 254 255 255 255 255
 254 255 255 255 254 104   0 162  37  19 237 254 255 255 255 255
 255 254 255 255 248   4  35 254 172   0 125 255 255 255 255 255
 255 254 254 255 196   0 112 254 251  12  38 254 255 255 255 255
 254 255 255 255 191   0 127 254 254  58   0 254 255 254 255 255
 255 254 254 255 227   0 121 254 254  50  10 254 255 255 255 255
 255 255 255 255 254  42  44 254 236   3  78 254 255 255 255 255
 255 255 255 255 255 146   0 169 132   0 178 255 255 255 255 255
 255 254 255 255 255 252  41  14   5  62 254 255 255 254 255 255
 255 255 255 255 255 254 194   2   2 200 255 255 255 255 255 255
 255 254 255 255 255 255 254 159 133 255 255 255 255 255 255 255
 243 242 242 242 242 242 242 242 242 242 242 242 242 242 242 242

 255 255 255 255 255 255 255 255 255 255 255 255 255 255 255 242
 255 255 255 255 255 255 255 255 255 255 255 255 255 255 255 242
 255 255 255 255 255 255 255 255 254 255 255 255 254 255 255 242
 255 255 255 255 255 255 255 255 255 255 255 255 255 255 255 242
 255 255 255 255 254 254 255 254 254 254 254 255 255 255 255 242
 255 214 254 254 254 237 125  38   0  10  78 178 254 255 255 242
 255 127  97 253 144  19   0  12  58  50   3   0  62 200 255 242
 255 139   0  29   0  37 172 251 254 254 236 132   5   2 133 242
 254 246  49   0   0 162 254 254 254 254 254 169  14   2 159 242
 255 131   7 127  27   0  35 112 127 121  44   0  41 194 254 242
 255 129 161 254 234 104   4   0   0   0  42 146 252 254 255 242
 255 241 254 255 255 254 248 196 191 227 254 255 255 255 255 242
 255 255 255 255 254 255 255 255 255 255 255 255 255 255 255 242
 255 255 255 255 254 255 255 254 255 254 255 255 255 255 255 242
 254 255 254 254 254 255 254 254 255 254 255 255 254 255 254 242
 255 255 255 255 254 254 255 255 254 255 255 255 255 255 255 243
 255 255 255 255 255 255 255 255 255 255 255 255 255 255 255 242
 255 255 255 255 255 255 255 255 255 255 255 255 255 255 255 242
 255 255 255 255 255 255 255 255 254 255 255 255 254 255 255 242
 255 255 255 255 255 255 255 255 255 255 255 255 255 255 255 242
 255 255 255 255 254 254 255 254 254 254 254 255 255 255 255 242
 255 214 254 254 254 237 125  38   0  10  78 178 254 255 255 242
 255 127  97 253 144  19   0  12  58  50   3   0  62 200 255 242
 255 139   0  29   0  37 172 251 254 254 236 132   5   2 133 242
 254 246  49   0   0 162 254 254 254 254 254 169  14   2 159 242
 255 131   7 127  27   0  35 112 127 121  44   0  41 194 254 242
 255 129 161 254 234 104   4   0   0   0  42 146 252 254 255 242
 255 241 254 255 255 254 248 196 191 227 254 255 255 255 255 242
 255 255 255 255 254 255 255 255 255 255 255 255 255 255 255 242
 255 255 255 255 254 255 255 254 255 254 255 255 255 255 255 242
 254 255 254 254 254 255 254 254 255 254 255 255 254 255 254 242
 255 255 255 255 254 254 255 255 254 255 255 255 255 255 255 243
 255 255 255 255 255 255 255 255 255 255 255 255 255 255 255 242
 255 255 255 255 255 255 255 255 255 255 255 255 255 255 255 242
 255 255 255 255 255 255 255 255 254 255 255 255 254 255 255 242
 255 255 255 255 255 255 255 255 255 255 255 255 255 255 255 242
 255 255 255 255 254 254 255 254 254 254 254 255 255 255 255 242
 255 214 254 254 254 237 125  38   0  10  78 178 254 255 255 242
 255 127  97 253 144  19   0  12  58  50   3   0  62 200 255 242
 255 139   0  29   0  37 172 251 254 254 236 132   5   2 133 242
 254 246  49   0   0 162 254 254 254 254 254 169  14   2 159 242
 255 131   7 127  27   0  35 112 127 121  44   0  41 194 254 242
 255 129 161 254 234 104   4   0   0   0  42 146 252 254 255 242
 255 241 254 255 255 254 248 196 191 227 254 255 255 255 255 242
 255 255 255 255 254 255 255 255 255 255 255 255 255 255 255 242
 255 255 255 255 254 255 255 254 255 254 255 255 255 255 255 242
 254 255 254 254 254 255 254 254 255 254 255 255 254 255 254 242
 255 255 255 255 254 254 255 255 254 255 255 255 255 255 255 243

 242 242 242 242 242 242 242 242 242 242 242 242 242 242 242 243
 255 255 255 255 255 255 255 133 159 254 255 255 255 255 254 255
 255 255 255 255 255 255 200   2   2 194 254 255 255 255 255 255
 255 255 254 255 255 254  62   5  14  41 252 255 255 255 254 255
 255 255 255 255 255 178   0 132 169   0 146 255 255 255 255 255
 255 255 255 255 254  78   3 236 254  44  42 254 255 255 255 255
 255 255 255 255 254  10  50 254 254 121   0 227 255 254 254 255
 255 255 254 255 254   0  58 254 254 127   0 191 255 255 255 254
 255 255 255 255 254  38  12 251 254 112   0 196 255 254 254 255
 255 255 255 255 255 125   0 172 254  35   4 248 255 255 254 255
 255 255 255 255 254 237  19  37 162   0 104 254 255 255 255 254
 255 255 255 255 254 254 144   0   0  27 234 255 254 254 254 254
 255 255 255 255 255 254 253  29   0 127 254 255 255 255 254 255
 255 255 255 255 255 254  97   0  49   7 161 254 255 255 254 255
 255 255 255 255 255 214 127 139 246 131 129 241 255 255 255 255
 255 255 255 255 255 255 255 255 254 255 255 255 255 255 254 255
 242 242 242 242 242 242 242 242 242 242 242 242 242 242 242 243
 255 255 255 255 255 255 255 133 159 254 255 255 255 255 254 255
 255 255 255 255 255 255 200   2   2 194 254 255 255 255 255 255
 255 255 254 255 255 254  62   5  14  41 252 255 255 255 254 255
 255 255 255 255 255 178   0 132 169   0 146 255 255 255 255 255
 255 255 255 255 254  78   3 236 254  44  42 254 255 255 255 255
 255 255 255 255 254  10  50 254 254 121   0 227 255 254 254 255
 255 255 254 255 254   0  58 254 254 127   0 191 255 255 255 254
 255 255 255 255 254  38  12 251 254 112   0 196 255 254 254 255
 255 255 255 255 255 125   0 172 254  35   4 248 255 255 254 255
 255 255 255 255 254 237  19  37 162   0 104 254 255 255 255 254
 255 255 255 255 254 254 144   0   0  27 234 255 254 254 254 254
 255 255 255 255 255 254 253  29   0 127 254 255 255 255 254 255
 255 255 255 255 255 254  97   0  49   7 161 254 255 255 254 255
 255 255 255 255 255 214 127 139 246 131 129 241 255 255 255 255
 255 255 255 255 255 255 255 255 254 255 255 255 255 255 254 255
 242 242 242 242 242 242 242 242 242 242 242 242 242 242 242 243
 255 255 255 255 255 255 255 133 159 254 255 255 255 255 254 255
 255 255 255 255 255 255 200   2   2 194 254 255 255 255 255 255
 255 255 254 255 255 254  62   5  14  41 252 255 255 255 254 255
 255 255 255 255 255 178   0 132 169   0 146 255 255 255 255 255
 255 255 255 255 254  78   3 236 254  44  42 254 255 255 255 255
 255 255 255 255 254  10  50 254 254 121   0 227 255 254 254 255
 255 255 254 255 254   0  58 254 254 127   0 191 255 255 255 254
 255 255 255 255 254  38  12 251 254 112   0 196 255 254 254 255
 255 255 255 255 255 125   0 172 254  35   4 248 255 255 254 255
 255 255 255 255 254 237  19  37 162   0 104 254 255 255 255 254
 255 255 255 255 254 254 144   0   0  27 234 255 254 254 254 254
 255 255 255 255 255 254 253  29   0 127 254 255 255 255 254 255
 255 255 255 255 255 254  97   0  49   7 161 254 255 255 254 255
 255 255 255 255 255 214 127 139 246 131 129 241 255 255 255 255
 255 255 255 255 255 255 255 255 254 255 255 255 255 255 254 255

